step1: 635 0.851206434316 111 0.148793565684
step2: 608 0.815013404826 138 0.184986595174
step3: 500 0.670241286863 246 0.329758713137
step4: 320 0.428954423592 426 0.571045576408
step5: 389 0.52144772118 357 0.47855227882
