step1: 737 0.912128712871 71 0.0878712871287
step2: 709 0.877475247525 99 0.122524752475
step3: 591 0.731435643564 217 0.268564356436
step4: 384 0.475247524752 424 0.524752475248
step5: 464 0.574257425743 344 0.425742574257
