step1: 314 0.42091152815 432 0.57908847185
step2: 301 0.403485254692 445 0.596514745308
step3: 235 0.315013404826 511 0.684986595174
step4: 159 0.213136729223 587 0.786863270777
step5: 198 0.265415549598 548 0.734584450402
