step1: 9 0.0111386138614 53 0.0655940594059
step2: 9 0.0111386138614 53 0.0655940594059
step3: 7 0.00866336633663 55 0.0680693069307
step4: 5 0.00618811881188 57 0.0705445544554
step5: 7 0.00866336633663 55 0.0680693069307
