step1: 682 0.914209115282 64 0.0857908847185
step2: 654 0.876675603217 92 0.123324396783
step3: 541 0.725201072386 205 0.274798927614
step4: 348 0.466487935657 398 0.533512064343
step5: 423 0.567024128686 323 0.432975871314
